                  Open        High         Low       Close      Volume  Dividends  Stock Splits
Date                                                                                           
2021-07-27  482.184601  504.269043  468.754761  502.295166  2011970102          0             0
2021-07-28  502.956848  518.853027  492.150970  510.144501  2185235852          0             0
2021-07-29  511.289032  546.471130  500.830017  538.303162  2034974540          0             0
2021-07-30  538.491821  553.026733  519.206909  552.738708  1984238398          0             0
2021-07-31  552.595398  556.788025  537.751404  547.803284  1666655419          0             0
2021-08-01  546.724060  562.942810  520.366394  527.841614  1984049270          0             0
2021-08-02  526.871399  564.804382  521.313354  543.988464  2135592385          0             0
2021-08-03  543.649048  551.337769  523.527771  536.993713  1987312144          0             0
2021-08-04  537.426086  550.724304  525.524353  545.966003  1831281602          0             0
2021-08-05  545.665771  550.510376  524.000732  548.598145  2062386765          0             0
2021-08-06  548.542419  560.555542  537.662170  556.442932  2137867461          0             0
2021-08-07  557.094788  589.750366  554.256531  583.125732  2381262602          0             0
2021-08-08  583.760681  589.005249  555.291809  556.096313  2176765949          0             0
2021-08-09  556.173279  600.419617  544.186035  592.488831  2159473227          0             0
2021-08-10  592.031555  606.206787  574.529846  592.383850  2207047184          0             0
2021-08-11  592.408386  632.229065  591.054199  621.185120  2506001502          0             0
2021-08-12  621.047791  648.224121  593.172363  605.007507  2504663932          0             0
2021-08-13  606.106140  654.262390  602.120422  653.958496  2308779003          0             0
2021-08-14  654.299011  689.596069  644.816711  689.114868  2487216105          0             0
2021-08-15  691.156006  707.398010  673.836914  703.186340  2770993903          0             0
2021-08-16  703.246704  713.665283  673.826111  675.854553  2672034530          0             0
2021-08-17  673.810242  689.809387  638.125793  638.801270  2753953258          0             0
2021-08-18  638.646484  653.604248  622.050354  634.432861  2747890861          0             0
2021-08-19  633.218933  658.888306  620.068909  658.888306  2852343347          0             0
2021-08-20  658.789429  699.127808  652.893005  693.681641  3133794878          0             0
2021-08-21  693.825073  699.630615  671.624451  676.063416  2947054369          0             0
2021-08-22  676.214294  688.953125  654.298889  672.618286  2480660732          0             0
2021-08-23  672.672363  693.478088  664.519531  677.710327  3007106551          0             0
2021-08-24  678.652283  682.637390  635.879272  637.405273  2690364538          0             0
2021-08-25  637.760315  657.545288  628.358032  649.314514  3075170891          0             0
2021-08-26  650.596802  655.307495  607.162598  607.399475  3163076919          0             0
2021-08-27  607.713257  629.959351  599.283691  624.268066  3136843776          0             0