                Open      High       Low     Close      Volume  Dividends  Stock Splits
Date                                                                                   
2021-07-27  1.255928  1.314803  1.215360  1.278446  2145865207          0             0
2021-07-28  1.280826  1.316583  1.260048  1.283504  1793329178          0             0
2021-07-29  1.286494  1.299072  1.260992  1.284084  1466954743          0             0
2021-07-30  1.285791  1.317354  1.250495  1.308952  1556740433          0             0
2021-07-31  1.309885  1.332403  1.288860  1.322345  1312376664          0             0
2021-08-01  1.319958  1.386737  1.300270  1.317730  1862585305          0             0
2021-08-02  1.315770  1.349569  1.296775  1.310068  1431593693          0             0
2021-08-03  1.309390  1.382737  1.263189  1.365026  2100675041          0             0
2021-08-04  1.369783  1.392539  1.324366  1.376564  1899638009          0             0
2021-08-05  1.376939  1.397315  1.340520  1.386145  1722512650          0             0
2021-08-06  1.386193  1.424119  1.363699  1.401786  1882912649          0             0
2021-08-07  1.402523  1.484598  1.396750  1.470677  2489155525          0             0
2021-08-08  1.473097  1.494273  1.408625  1.427830  1977739378          0             0
2021-08-09  1.426617  1.498564  1.394436  1.477640  1821319632          0             0
2021-08-10  1.475262  1.699575  1.458569  1.672566  3460499377          0             0
2021-08-11  1.677949  1.894406  1.670661  1.798038  6144078169          0             0
2021-08-12  1.795803  1.866757  1.684125  1.823878  5590812297          0             0
2021-08-13  1.832760  2.145926  1.828374  2.136079  7661020085          0             0
2021-08-14  2.138287  2.250360  2.093593  2.191687  7965959274          0             0
2021-08-15  2.189896  2.248431  2.039562  2.169153  5964077684          0             0
2021-08-16  2.167868  2.195450  2.051724  2.079417  4479074279          0             0
2021-08-17  2.072315  2.141046  1.912754  1.926601  3862425430          0             0
2021-08-18  1.924480  2.161289  1.887675  2.108560  4919304569          0             0
2021-08-19  2.105524  2.449876  2.047941  2.428140  8287149082          0             0
2021-08-20  2.437795  2.575276  2.378612  2.457702  8323304733          0             0
2021-08-21  2.457214  2.528989  2.387616  2.435435  4710945373          0             0
2021-08-22  2.436862  2.718612  2.433664  2.713725  6726764969          0             0
2021-08-23  2.708616  2.967398  2.693827  2.917386  9761269047          0             0
2021-08-24  2.920038  2.947403  2.598319  2.721091  9395142433          0             0
2021-08-25  2.725629  2.795994  2.608796  2.738132  6920886097          0             0
2021-08-26  2.741166  2.783461  2.473766  2.535528  6555135612          0             0
2021-08-27  2.542266  2.880030  2.510333  2.865368  7734180352          0             0