                 Open       High        Low      Close      Volume  Dividends  Stock Splits
Date                                                                                       
2021-07-27  28.210499  28.952671  27.005430  28.065327   375599550          0             0
2021-07-28  28.145641  28.746954  27.412333  27.815411   315682626          0             0
2021-07-29  27.877975  31.886148  27.372438  31.281137   448009571          0             0
2021-07-30  31.275415  33.055126  30.067673  32.393944   617830199          0             0
2021-07-31  32.353287  36.868259  31.683220  36.827312   587168181          0             0
2021-08-01  36.679127  36.719913  33.283005  34.254360   490639931          0             0
2021-08-02  34.190563  35.912395  33.060654  33.222420   407399691          0             0
2021-08-03  33.191425  35.833092  32.402660  33.996441   474629269          0             0
2021-08-04  34.108356  36.652477  33.273182  35.763626   413657602          0             0
2021-08-05  35.771976  38.208866  35.533855  37.355137   595137193          0             0
2021-08-06  37.355358  40.388084  35.688293  39.446102   589190671          0             0
2021-08-07  39.492302  40.505878  37.626602  39.403473   534979916          0             0
2021-08-08  39.465904  39.533291  36.935577  37.673824   358570315          0             0
2021-08-09  37.660496  40.004841  36.481171  38.767784   377034585          0             0
2021-08-10  38.678810  41.660908  38.223171  40.639797   452480699          0             0
2021-08-11  40.648941  43.739140  40.628239  41.744114   507980107          0             0
2021-08-12  41.704514  43.401909  39.381557  41.099361   527833804          0             0
2021-08-13  41.114368  44.900524  40.721619  44.894501   541894525          0             0
2021-08-14  44.851425  44.871239  42.937660  44.112850   363834257          0             0
2021-08-15  44.149956  54.629551  43.450008  53.745159  1448656564          0             0
2021-08-16  53.541149  68.822372  52.465851  62.432465  3799339365          0             0
2021-08-17  62.115330  74.889259  58.981335  64.210709  4043742154          0             0
2021-08-18  64.168350  80.119904  60.269714  72.543312  4507409622          0             0
2021-08-19  72.838562  75.092422  68.610497  72.757607  2467398203          0             0
2021-08-20  72.748901  79.990005  70.937286  78.724617  1844455899          0             0
2021-08-21  78.698929  81.813774  72.696930  73.756210  1513097171          0             0
2021-08-22  73.868340  77.481155  71.553947  72.803917   968933849          0             0
2021-08-23  72.769409  76.705330  71.680748  75.708038  1372134245          0             0
2021-08-24  75.780174  79.370949  68.619789  70.670906  2153611667          0             0
2021-08-25  70.679962  72.702866  66.222763  71.951569  1551240766          0             0
2021-08-26  71.973434  78.055206  66.264557  75.316208  2713050538          0             0
2021-08-27  75.772774  85.511230  73.244835  84.795372  3344987904          0             0