                   Open         High          Low        Close       Volume  Dividends  Stock Splits
Date                                                                                                
2021-07-27  2230.197021  2316.950195  2154.731201  2298.333496  23067480378          0             0
2021-07-28  2302.081299  2341.777832  2250.914062  2296.545410  18991302378          0             0
2021-07-29  2299.011963  2396.451904  2273.404785  2380.956787  16313373113          0             0
2021-07-30  2382.545166  2469.704834  2322.337158  2466.961426  20212848934          0             0
2021-07-31  2461.575684  2551.161133  2423.816162  2536.209961  18001710283          0             0
2021-08-01  2530.462891  2695.429443  2520.931885  2561.852051  22697987055          0             0
2021-08-02  2557.774658  2665.730957  2511.375244  2610.153320  22162754104          0             0
2021-08-03  2609.413086  2630.314209  2449.353516  2502.349609  22696753413          0             0
2021-08-04  2508.544922  2764.443604  2463.469482  2724.619873  25038698173          0             0
2021-08-05  2725.669678  2840.430664  2540.684082  2827.328857  31057928075          0             0
2021-08-06  2827.503418  2944.903320  2727.792725  2890.941650  26528577879          0             0
2021-08-07  2891.707520  3170.229736  2868.535645  3157.238770  33081467129          0             0
2021-08-08  3161.232666  3184.604004  2951.747314  3013.732666  28433638008          0             0
2021-08-09  3012.885742  3185.701172  2900.926025  3167.856201  31983260936          0             0
2021-08-10  3163.050049  3228.940674  3059.229004  3141.691162  27605221710          0             0
2021-08-11  3142.830322  3269.209473  3122.916504  3164.245117  26729035052          0             0
2021-08-12  3164.175781  3236.314697  2984.166992  3043.414307  25403699845          0             0
2021-08-13  3049.001221  3324.671631  3037.676025  3322.211670  23868866254          0             0
2021-08-14  3322.762695  3329.281006  3214.519775  3265.443359  19860862133          0             0
2021-08-15  3266.276123  3320.084229  3117.791748  3310.504150  22166205051          0             0
2021-08-16  3309.422119  3333.994873  3139.778564  3156.509521  23080039949          0             0
2021-08-17  3149.380371  3288.812744  2996.468262  3014.845947  25509056745          0             0
2021-08-18  3011.963623  3124.976074  2959.028320  3020.089844  21539248425          0             0
2021-08-19  3019.126953  3184.435547  2963.150146  3182.702148  19546290360          0             0
2021-08-20  3182.162598  3298.246582  3178.103760  3286.935303  20885619828          0             0
2021-08-21  3286.931641  3307.351562  3209.866211  3226.083984  18113977628          0             0
2021-08-22  3226.227295  3272.733154  3142.007080  3242.115479  15983278460          0             0
2021-08-23  3241.357422  3373.384277  3235.851318  3319.257324  20511110509          0             0
2021-08-24  3324.855469  3358.688232  3154.121338  3172.456299  20131028906          0             0
2021-08-25  3174.269775  3248.727295  3086.114990  3224.915283  18902728235          0             0
2021-08-26  3228.747314  3249.655273  3060.228760  3100.325439  17405668117          0             0
2021-08-27  3099.042236  3247.295654  3069.992676  3242.520996  17718208512          0             0