                Open      High       Low     Close      Volume  Dividends  Stock Splits
Date                                                                                   
2021-07-27  0.077663  0.087222  0.074796  0.083830   927541174          0             0
2021-07-28  0.084126  0.086165  0.080522  0.082563   764150830          0             0
2021-07-29  0.082772  0.083700  0.080874  0.082462   466604459          0             0
2021-07-30  0.082646  0.085970  0.080360  0.085846   641908661          0             0
2021-07-31  0.085930  0.090019  0.084609  0.089586   645050790          0             0
2021-08-01  0.089583  0.092811  0.085344  0.085917   609106821          0             0
2021-08-02  0.086024  0.088786  0.084129  0.086172   516053095          0             0
2021-08-03  0.086174  0.087199  0.082524  0.084937   542705192          0             0
2021-08-04  0.085449  0.090367  0.084035  0.088413   603915556          0             0
2021-08-05  0.088382  0.091968  0.085545  0.090822   675638534          0             0
2021-08-06  0.090868  0.097558  0.089581  0.096306   750336007          0             0
2021-08-07  0.096608  0.108874  0.095334  0.103532  1182031069          0             0
2021-08-08  0.103760  0.110638  0.098769  0.101287   962491419          0             0
2021-08-09  0.101203  0.107755  0.097086  0.106028   887553193          0             0
2021-08-10  0.105847  0.108413  0.102845  0.106306   801811284          0             0
2021-08-11  0.106367  0.117656  0.106066  0.111284  1090303580          0             0
2021-08-12  0.110988  0.116986  0.103368  0.106985  1038023259          0             0
2021-08-13  0.107326  0.120906  0.106242  0.120711   872833333          0             0
2021-08-14  0.120802  0.132747  0.119476  0.130148  1362841693          0             0
2021-08-15  0.130260  0.141300  0.124747  0.139152  1356759098          0             0
2021-08-16  0.139377  0.144196  0.127303  0.129457  1260299466          0             0
2021-08-17  0.128850  0.135671  0.116295  0.118130  1295800331          0             0
2021-08-18  0.118169  0.127714  0.113276  0.119806  1196817880          0             0
2021-08-19  0.119714  0.130169  0.114196  0.130169  1158331254          0             0
2021-08-20  0.130010  0.137712  0.128195  0.133241  1143775722          0             0
2021-08-21  0.133112  0.134779  0.127522  0.128082   855495007          0             0
2021-08-22  0.128155  0.132851  0.123827  0.128291   816318929          0             0
2021-08-23  0.128325  0.134823  0.127380  0.131596   942771073          0             0
2021-08-24  0.131893  0.137023  0.120328  0.121386  1129142223          0             0
2021-08-25  0.121525  0.129934  0.117839  0.127286  1007988700          0             0
2021-08-26  0.127603  0.129382  0.115497  0.116030   955042583          0             0
2021-08-27  0.116855  0.123497  0.113960  0.122033   883018880          0             0