                Open      High       Low     Close      Volume  Dividends  Stock Splits
Date                                                                                   
2021-07-27  0.203836  0.209293  0.195350  0.205899  2229903212          0             0
2021-07-28  0.206111  0.213746  0.202011  0.205392  2076707890          0             0
2021-07-29  0.205591  0.206355  0.200716  0.204619  1169322798          0             0
2021-07-30  0.205023  0.210643  0.196535  0.208821  1523981522          0             0
2021-07-31  0.208638  0.214345  0.204897  0.208314  1349212924          0             0
2021-08-01  0.207753  0.217611  0.201389  0.204437  1711494501          0             0
2021-08-02  0.204279  0.209959  0.202188  0.203600  1181469976          0             0
2021-08-03  0.203431  0.205077  0.193750  0.195967  1121632377          0             0
2021-08-04  0.196312  0.203110  0.194450  0.201490  1095300718          0             0
2021-08-05  0.201575  0.202513  0.194685  0.200974  1139204754          0             0
2021-08-06  0.200960  0.211756  0.198617  0.204688  1332579279          0             0
2021-08-07  0.204846  0.261990  0.203772  0.260341  6343062404          0             0
2021-08-08  0.261956  0.281379  0.235348  0.240045  6984782653          0             0
2021-08-09  0.240122  0.266265  0.231410  0.256897  4607903346          0             0
2021-08-10  0.256366  0.262791  0.245352  0.257325  3424415504          0             0
2021-08-11  0.257424  0.282482  0.256382  0.265263  4732068476          0             0
2021-08-12  0.264853  0.294142  0.252775  0.263921  5264857508          0             0
2021-08-13  0.264249  0.287188  0.261907  0.286808  3565092106          0             0
2021-08-14  0.286801  0.298456  0.277154  0.293113  4677579997          0             0
2021-08-15  0.294086  0.348722  0.287063  0.341441  8046171669          0             0
2021-08-16  0.340165  0.350953  0.310828  0.320715  6681324187          0             0
2021-08-17  0.319631  0.339462  0.295763  0.299442  5699700481          0             0
2021-08-18  0.299203  0.324227  0.282016  0.303739  6347995770          0             0
2021-08-19  0.303376  0.319018  0.294088  0.317144  3760495939          0             0
2021-08-20  0.317571  0.333223  0.314142  0.327491  3512291078          0             0
2021-08-21  0.327395  0.329356  0.315433  0.316797  2600396651          0             0
2021-08-22  0.317085  0.321541  0.306546  0.314963  2237836352          0             0
2021-08-23  0.314926  0.328094  0.313368  0.317914  2836628655          0             0
2021-08-24  0.318386  0.319757  0.277777  0.288739  3143768703          0             0
2021-08-25  0.289218  0.296815  0.279995  0.292226  2518743227          0             0
2021-08-26  0.292794  0.296002  0.265313  0.268909  2410285454          0             0
2021-08-27  0.269980  0.286783  0.266652  0.284219  2245862144          0             0