                    Open          High           Low         Close       Volume  Dividends  Stock Splits
Date                                                                                                    
2021-07-27  37276.035156  39406.941406  36441.726562  39406.941406  35097370560          0             0
2021-07-28  39503.187500  40816.070312  38862.437500  39995.906250  38702404695          0             0
2021-07-29  39995.453125  40593.070312  39352.058594  40008.421875  27167146027          0             0
2021-07-30  40027.484375  42235.546875  38397.355469  42235.546875  33072782960          0             0
2021-07-31  42196.304688  42231.449219  41110.832031  41626.195312  25802845343          0             0
2021-08-01  41460.843750  42541.679688  39540.941406  39974.894531  26688438115          0             0
2021-08-02  39907.261719  40419.179688  38746.347656  39201.945312  25595265436          0             0
2021-08-03  39178.402344  39750.031250  37782.050781  38152.980469  26189830450          0             0
2021-08-04  38213.332031  39952.296875  37589.164062  39747.503906  25372562724          0             0
2021-08-05  39744.515625  41341.933594  37458.003906  40869.554688  35185031017          0             0
2021-08-06  40865.867188  43271.660156  39932.179688  42816.500000  38226483046          0             0
2021-08-07  42832.796875  44689.859375  42618.566406  44555.800781  40030862141          0             0
2021-08-08  44574.437500  45282.351562  43331.910156  43798.117188  36302664750          0             0
2021-08-09  43791.925781  46456.832031  42848.687500  46365.402344  38734079049          0             0
2021-08-10  46280.847656  46637.988281  44705.554688  45585.031250  33546019517          0             0
2021-08-11  45599.703125  46735.632812  45351.710938  45593.636719  34319709073          0             0
2021-08-12  45576.878906  46228.910156  43861.445312  44428.289062  33723620826          0             0
2021-08-13  44439.691406  47831.976562  44282.417969  47793.320312  31744259539          0             0
2021-08-14  47810.687500  48098.683594  46177.632812  47096.945312  31211354442          0             0
2021-08-15  47096.667969  47357.105469  45579.589844  47047.003906  30988958446          0             0
2021-08-16  47019.960938  47998.097656  45700.320312  46004.484375  32776876610          0             0
2021-08-17  45936.457031  47139.570312  44512.417969  44695.359375  33451362600          0             0
2021-08-18  44686.750000  45952.062500  44364.027344  44801.187500  32194123075          0             0
2021-08-19  44741.882812  46970.761719  43998.316406  46717.578125  37204312299          0             0
2021-08-20  46723.121094  49342.152344  46650.707031  49339.175781  34706867452          0             0
2021-08-21  49327.074219  49717.019531  48312.199219  48905.492188  40585205312          0             0
2021-08-22  48869.105469  49471.609375  48199.941406  49321.652344  25370975378          0             0
2021-08-23  49291.675781  50482.078125  49074.605469  49546.148438  34305053719          0             0
2021-08-24  49562.347656  49878.769531  47687.117188  47706.117188  35361168834          0             0
2021-08-25  47727.257812  49202.878906  47163.613281  48960.789062  32646349931          0             0
2021-08-26  49002.640625  49347.582031  46405.781250  46942.218750  32666549568          0             0
2021-08-27  46925.906250  48398.015625  46513.460938  48257.488281  33009551360          0             0